BPM:140
0,0,-1,64,0,0,33,0,127,-1,-1
0,0,-1,64,0,0,33,0,63,-1,-1
0,0,-1,64,0,0,33,0,63,1,-1
1,0,-1,64,0,0,39,0,127,-1,-1
1,0,-1,64,0,0,39,0,60,-1,-1
1,1,-1,64,0,0,39,0,60,-1,-1
1,1,-1,64,0,0,39,0,60,1,-1
2,0,-1,64,0,0,4,0,127,-1,-1
2,0,-1,64,0,0,4,0,52,-1,-1
2,1,-1,64,0,0,4,0,52,-1,-1
2,1,-1,64,0,0,4,0,52,1,-1
3,0,-1,64,0,0,64,0,100,-1,-1
3,4,-1,64,0,0,64,0,100,-1,-1
4,0,-1,64,0,0,64,0,100,-1,-1
4,2,-1,64,0,0,64,0,100,-1,-1
4,2,-1,64,0,0,64,0,100,1,-1
4,2,-1,64,0,0,64,0,100,1,1
5,0,-1,64,0,0,64,0,50,-1,-1
5,0,-1,64,0,0,64,109,50,-1,-1
5,2,-1,64,0,0,64,109,50,-1,-1
5,2,-1,64,0,0,64,109,50,1,-1
5,2,-1,64,0,0,64,109,50,1,1
0,0,70,100,16,20,33,0,63,1,-1
1,1,65,100,16,20,39,0,60,1,-1
2,1,70,112,16,24,4,0,52,1,-1
3,4,34,100,16,28,64,0,100,-1,-1
4,2,74,112,16,24,64,0,100,1,1
0,0,70,32,20,24,33,0,63,1,-1
1,1,65,32,20,24,39,0,60,1,-1
5,2,74,88,20,28,64,109,50,1,1
0,0,70,100,24,28,33,0,63,1,-1
1,1,65,100,24,28,39,0,60,1,-1
0,0,70,32,28,32,33,0,63,1,-1
1,1,65,32,28,32,39,0,60,1,-1
3,4,41,100,28,40,64,0,100,-1,-1
2,1,70,112,29,32,4,0,52,1,-1
4,2,74,112,29,32,64,0,100,1,1
0,0,65,100,32,40,33,0,63,1,-1
1,1,62,100,32,40,39,0,60,1,-1
5,2,74,88,33,36,64,109,50,1,1
0,0,65,32,40,44,33,0,63,1,-1
1,1,62,32,40,44,39,0,60,1,-1
2,1,70,112,40,44,4,0,52,1,-1
3,4,46,100,40,60,64,0,100,-1,-1
4,2,74,112,40,44,64,0,100,1,1
0,0,70,100,44,48,33,0,63,1,-1
1,1,65,100,44,48,39,0,60,1,-1
2,1,70,112,44,48,4,0,52,1,-1
4,2,74,112,44,48,64,0,100,1,1
5,2,74,88,44,48,64,109,50,1,1
0,0,70,32,48,52,33,0,63,1,-1
1,1,65,32,48,52,39,0,60,1,-1
5,2,74,88,48,52,64,109,50,1,1
0,0,65,100,52,60,33,0,63,1,-1
1,1,62,100,52,60,39,0,60,1,-1
3,4,41,100,60,64,64,0,100,-1,-1
0,0,70,100,61,64,33,0,63,1,-1
1,1,65,100,61,64,39,0,60,1,-1
0,0,70,100,64,68,33,0,63,1,-1
1,1,65,100,64,68,39,0,60,1,-1
3,4,46,100,64,68,64,0,100,-1,-1
0,0,70,32,68,72,33,0,63,1,-1
1,1,65,32,68,72,39,0,60,1,-1
3,4,41,100,68,72,64,0,100,-1,-1
0,0,69,100,72,76,33,0,63,1,-1
1,1,64,100,72,76,39,0,60,1,-1
3,4,33,100,72,80,64,0,100,-1,-1
0,0,69,32,76,80,33,0,63,1,-1
1,1,64,32,76,80,39,0,60,1,-1
0,0,68,100,80,84,33,0,63,1,-1
1,1,63,100,80,84,39,0,60,1,-1
3,4,32,100,80,92,64,0,100,-1,-1
0,0,68,32,84,88,33,0,63,1,-1
1,1,63,32,84,88,39,0,60,1,-1
0,0,68,100,88,92,33,0,63,1,-1
1,1,63,100,88,92,39,0,60,1,-1
2,1,68,112,88,92,4,0,52,1,-1
4,2,72,112,88,92,64,0,100,1,1
0,0,68,32,92,96,33,0,63,1,-1
1,1,63,32,92,96,39,0,60,1,-1
3,4,39,100,92,104,64,0,100,-1,-1
5,2,72,88,92,96,64,109,50,1,1
0,0,63,100,96,104,33,0,63,1,-1
1,1,60,100,96,104,39,0,60,1,-1
2,1,63,112,96,108,4,0,52,1,-1
4,2,68,112,96,108,64,0,100,1,1
5,2,68,88,100,112,64,109,50,1,1
0,0,63,32,104,108,33,0,63,1,-1
1,1,60,32,104,108,39,0,60,1,-1
3,4,44,100,104,124,64,0,100,-1,-1
0,0,68,100,108,112,33,0,63,1,-1
1,1,63,100,108,112,39,0,60,1,-1
0,0,68,32,112,116,33,0,63,1,-1
1,1,63,32,112,116,39,0,60,1,-1
2,1,63,112,112,120,4,0,52,1,-1
4,2,68,112,112,120,64,0,100,1,1
0,0,63,100,116,124,33,0,63,1,-1
1,1,60,100,116,124,39,0,60,1,-1
5,2,68,88,116,124,64,109,50,1,1
2,1,65,112,124,132,4,0,52,1,-1
3,4,39,100,124,128,64,0,100,-1,-1
4,2,70,112,124,132,64,0,100,1,1
0,0,68,100,125,128,33,0,63,1,-1
1,1,63,100,125,128,39,0,60,1,-1
0,0,68,100,128,132,33,0,63,1,-1
1,1,63,100,128,132,39,0,60,1,-1
3,4,44,100,128,132,64,0,100,-1,-1
5,2,70,88,128,136,64,109,50,1,1
0,0,68,32,132,136,33,0,63,1,-1
1,1,63,32,132,136,39,0,60,1,-1
3,4,39,100,132,136,64,0,100,-1,-1
0,0,69,100,136,140,33,0,63,1,-1
1,1,64,100,136,140,39,0,60,1,-1
2,1,68,112,136,140,4,0,52,1,-1
3,4,33,100,136,144,64,0,100,-1,-1
4,2,72,112,136,140,64,0,100,1,1
0,0,69,32,140,144,33,0,63,1,-1
1,1,64,32,140,144,39,0,60,1,-1
5,2,72,88,140,144,64,109,50,1,1
0,0,70,100,144,148,33,0,63,1,-1
1,1,65,100,144,148,39,0,60,1,-1
2,1,70,112,144,152,4,0,52,1,-1
3,4,34,100,144,156,64,0,100,-1,-1
4,2,74,112,144,152,64,0,100,1,1
0,0,70,32,148,152,33,0,63,1,-1
1,1,65,32,148,152,39,0,60,1,-1
5,2,74,88,148,156,64,109,50,1,1
0,0,70,100,152,156,33,0,63,1,-1
1,1,65,100,152,156,39,0,60,1,-1
0,0,70,32,156,160,33,0,63,1,-1
1,1,65,32,156,160,39,0,60,1,-1
3,4,41,100,156,168,64,0,100,-1,-1
2,1,70,112,157,160,4,0,52,1,-1
4,2,74,112,157,160,64,0,100,1,1
0,0,65,100,160,168,33,0,63,1,-1
1,1,62,100,160,168,39,0,60,1,-1
5,2,74,88,161,164,64,109,50,1,1
0,0,65,32,168,172,33,0,63,1,-1
1,1,62,32,168,172,39,0,60,1,-1
2,1,70,112,168,172,4,0,52,1,-1
3,4,46,100,168,188,64,0,100,-1,-1
4,2,74,112,168,172,64,0,100,1,1
0,0,70,100,172,176,33,0,63,1,-1
1,1,65,100,172,176,39,0,60,1,-1
2,1,70,112,172,176,4,0,52,1,-1
4,2,74,112,172,176,64,0,100,1,1
5,2,74,88,172,176,64,109,50,1,1
0,0,70,32,176,180,33,0,63,1,-1
1,1,65,32,176,180,39,0,60,1,-1
5,2,74,88,176,180,64,109,50,1,1
0,0,65,100,180,188,33,0,63,1,-1
1,1,62,100,180,188,39,0,60,1,-1
3,4,41,100,188,192,64,0,100,-1,-1
0,0,70,100,189,192,33,0,63,1,-1
1,1,65,100,189,192,39,0,60,1,-1
0,0,70,100,192,196,33,0,63,1,-1
1,1,65,100,192,196,39,0,60,1,-1
3,4,46,100,192,196,64,0,100,-1,-1
0,0,70,32,196,200,33,0,63,1,-1
1,1,65,32,196,200,39,0,60,1,-1
3,4,41,100,196,200,64,0,100,-1,-1
0,0,69,100,200,204,33,0,63,1,-1
1,1,64,100,200,204,39,0,60,1,-1
3,4,33,100,200,208,64,0,100,-1,-1
0,0,69,32,204,208,33,0,63,1,-1
1,1,64,32,204,208,39,0,60,1,-1
0,0,68,100,208,212,33,0,63,1,-1
1,1,63,100,208,212,39,0,60,1,-1
3,4,32,100,208,220,64,0,100,-1,-1
0,0,68,32,212,216,33,0,63,1,-1
1,1,63,32,212,216,39,0,60,1,-1
0,0,68,100,216,220,33,0,63,1,-1
1,1,63,100,216,220,39,0,60,1,-1
2,1,68,112,216,220,4,0,52,1,-1
4,2,72,112,216,220,64,0,100,1,1
0,0,68,32,220,224,33,0,63,1,-1
1,1,63,32,220,224,39,0,60,1,-1
3,4,39,100,220,232,64,0,100,-1,-1
5,2,72,88,220,224,64,109,50,1,1
0,0,63,100,224,232,33,0,63,1,-1
1,1,60,100,224,232,39,0,60,1,-1
2,1,63,112,224,236,4,0,52,1,-1
4,2,68,112,224,236,64,0,100,1,1
5,2,68,88,228,240,64,109,50,1,1
0,0,63,32,232,236,33,0,63,1,-1
1,1,60,32,232,236,39,0,60,1,-1
3,4,44,100,232,252,64,0,100,-1,-1
0,0,68,100,236,240,33,0,63,1,-1
1,1,63,100,236,240,39,0,60,1,-1
0,0,68,32,240,244,33,0,63,1,-1
1,1,63,32,240,244,39,0,60,1,-1
2,1,63,112,240,248,4,0,52,1,-1
4,2,68,112,240,248,64,0,100,1,1
0,0,63,100,244,252,33,0,63,1,-1
1,1,60,100,244,252,39,0,60,1,-1
5,2,68,88,244,252,64,109,50,1,1
2,1,65,112,252,260,4,0,52,1,-1
3,4,39,100,252,256,64,0,100,-1,-1
4,2,70,112,252,260,64,0,100,1,1
0,0,68,100,253,256,33,0,63,1,-1
1,1,63,100,253,256,39,0,60,1,-1
0,0,68,100,256,260,33,0,63,1,-1
1,1,63,100,256,260,39,0,60,1,-1
3,4,44,100,256,260,64,0,100,-1,-1
5,2,70,88,256,264,64,109,50,1,1
3,4,39,100,260,264,64,0,100,-1,-1
0,0,70,101,264,270,33,0,63,1,-1
2,1,68,112,264,268,4,0,52,1,-1
3,4,33,100,264,272,64,0,100,-1,-1
4,2,72,112,264,268,64,0,100,1,1
1,1,65,100,267,272,39,0,60,1,-1
5,2,72,88,268,272,64,109,50,1,1
0,0,62,100,269,272,33,0,63,1,-1
0,0,65,100,272,336,33,0,63,1,-1
1,1,62,100,272,334,39,0,60,1,-1
2,1,58,100,272,331,4,0,52,1,-1
3,4,34,100,272,284,64,0,100,-1,-1
4,2,74,100,272,276,64,0,100,1,1
4,2,74,100,276,280,64,0,100,1,1
5,2,74,100,276,280,64,109,50,1,1
5,2,74,100,280,284,64,109,50,1,1
3,4,41,100,284,296,64,0,100,-1,-1
4,2,74,100,284,296,64,0,100,1,1
5,2,74,100,288,300,64,109,50,1,1
3,4,46,100,296,316,64,0,100,-1,-1
4,2,74,100,296,300,64,0,100,1,1
5,2,74,100,300,304,64,109,50,1,1
4,2,74,100,304,316,64,0,100,1,1
5,2,74,100,308,320,64,109,50,1,1
3,4,41,100,316,320,64,0,100,-1,-1
4,2,75,100,316,328,64,0,100,1,1
3,4,46,100,320,324,64,0,100,-1,-1
5,2,75,100,320,332,64,109,50,1,1
3,4,41,100,324,328,64,0,100,-1,-1
3,4,33,100,328,336,64,0,100,-1,-1
4,2,77,100,328,336,64,0,100,1,1
2,1,60,100,331,400,4,0,52,1,-1
5,2,77,100,332,340,64,109,50,1,1
1,1,63,100,333,400,39,0,60,1,-1
0,0,66,100,336,400,33,0,63,1,-1
3,4,32,100,336,348,64,0,100,-1,-1
4,2,75,100,336,340,64,0,100,1,1
5,2,75,100,340,344,64,109,50,1,1
4,2,75,100,344,360,64,0,100,1,1
3,4,39,100,348,360,64,0,100,-1,-1
5,2,75,100,348,364,64,109,50,1,1
3,4,44,100,360,380,64,0,100,-1,-1
4,2,72,100,360,364,64,0,100,1,1
5,2,72,100,364,368,64,109,50,1,1
4,2,68,100,368,380,64,0,100,1,1
5,2,68,100,372,384,64,109,50,1,1
3,4,39,100,380,384,64,0,100,-1,-1
4,2,70,100,380,392,64,0,100,1,1
3,4,44,100,384,388,64,0,100,-1,-1
5,2,70,100,384,396,64,109,50,1,1
3,4,39,100,388,392,64,0,100,-1,-1
3,4,33,100,392,400,64,0,100,-1,-1
4,2,72,100,392,396,64,0,100,1,1
5,2,72,100,396,400,64,109,50,1,1
0,0,70,100,400,404,33,0,63,1,-1
1,1,65,100,400,404,39,0,60,1,-1
3,4,34,100,400,412,64,0,100,-1,-1
4,2,70,100,400,464,64,0,100,1,1
0,0,70,32,404,408,33,0,63,1,-1
1,1,65,32,404,408,39,0,60,1,-1
5,2,70,100,404,468,64,109,50,1,1
0,0,70,100,408,412,33,0,63,1,-1
1,1,65,100,408,412,39,0,60,1,-1
2,1,74,104,408,412,4,0,52,1,-1
0,0,70,32,412,416,33,0,63,1,-1
1,1,65,32,412,416,39,0,60,1,-1
2,1,74,104,412,416,4,0,52,1,-1
3,4,41,100,412,424,64,0,100,-1,-1
0,0,65,100,416,424,33,0,63,1,-1
1,1,62,100,416,424,39,0,60,1,-1
2,1,74,104,420,424,4,0,52,1,-1
0,0,65,32,424,428,33,0,63,1,-1
1,1,62,32,424,428,39,0,60,1,-1
3,4,46,100,424,444,64,0,100,-1,-1
0,0,70,100,428,432,33,0,63,1,-1
1,1,65,100,428,432,39,0,60,1,-1
0,0,70,32,432,436,33,0,63,1,-1
1,1,65,32,432,436,39,0,60,1,-1
2,1,75,104,432,440,4,0,52,1,-1
0,0,65,100,436,444,33,0,63,1,-1
1,1,62,100,436,444,39,0,60,1,-1
2,1,74,104,444,452,4,0,52,1,-1
3,4,41,100,444,448,64,0,100,-1,-1
0,0,70,100,445,448,33,0,63,1,-1
1,1,65,100,445,448,39,0,60,1,-1
0,0,70,100,448,452,33,0,63,1,-1
1,1,65,100,448,452,39,0,60,1,-1
3,4,46,100,448,452,64,0,100,-1,-1
0,0,70,32,452,456,33,0,63,1,-1
1,1,65,32,452,456,39,0,60,1,-1
3,4,41,100,452,456,64,0,100,-1,-1
0,0,69,100,456,460,33,0,63,1,-1
1,1,64,100,456,460,39,0,60,1,-1
2,1,75,104,456,464,4,0,52,1,-1
3,4,33,100,456,464,64,0,100,-1,-1
0,0,69,32,460,464,33,0,63,1,-1
1,1,64,32,460,464,39,0,60,1,-1
0,0,68,100,464,468,33,0,63,1,-1
1,1,63,100,464,468,39,0,60,1,-1
3,4,32,100,464,476,64,0,100,-1,-1
0,0,68,32,468,472,33,0,63,1,-1
1,1,63,32,468,472,39,0,60,1,-1
0,0,68,100,472,476,33,0,63,1,-1
1,1,63,100,472,476,39,0,60,1,-1
2,1,72,104,472,476,4,0,52,1,-1
4,2,68,72,472,476,64,0,100,1,1
0,0,68,32,476,480,33,0,63,1,-1
1,1,63,32,476,480,39,0,60,1,-1
2,1,72,104,476,480,4,0,52,1,-1
3,4,39,100,476,488,64,0,100,-1,-1
4,2,68,72,476,480,64,0,100,1,1
5,2,72,56,476,480,64,109,50,1,1
0,0,63,100,480,488,33,0,63,1,-1
1,1,60,100,480,488,39,0,60,1,-1
5,2,72,56,480,484,64,109,50,1,1
2,1,68,104,484,492,4,0,52,1,-1
4,2,63,72,484,492,64,0,100,1,1
0,0,63,32,488,492,33,0,63,1,-1
1,1,60,32,488,492,39,0,60,1,-1
3,4,44,100,488,508,64,0,100,-1,-1
5,2,68,56,488,496,64,109,50,1,1
0,0,68,100,492,496,33,0,63,1,-1
1,1,63,100,492,496,39,0,60,1,-1
0,0,68,32,496,500,33,0,63,1,-1
1,1,63,32,496,500,39,0,60,1,-1
2,1,68,104,496,504,4,0,52,1,-1
4,2,63,72,496,504,64,0,100,1,1
0,0,63,100,500,508,33,0,63,1,-1
1,1,60,100,500,508,39,0,60,1,-1
5,2,68,56,500,508,64,109,50,1,1
2,1,70,104,508,516,4,0,52,1,-1
3,4,39,100,508,512,64,0,100,-1,-1
4,2,65,72,508,516,64,0,100,1,1
1,1,63,100,509,512,39,0,60,1,-1
0,0,68,100,512,516,33,0,63,1,-1
1,1,63,100,512,516,39,0,60,1,-1
3,4,44,100,512,516,64,0,100,-1,-1
5,2,70,56,512,520,64,109,50,1,1
3,4,39,100,516,520,64,0,100,-1,-1
0,0,70,101,520,526,33,0,63,1,-1
2,1,72,104,520,524,4,0,52,1,-1
3,4,33,100,520,528,64,0,100,-1,-1
4,2,68,72,520,524,64,0,100,1,1
1,1,65,100,523,528,39,0,60,1,-1
5,2,72,56,524,528,64,109,50,1,1
0,0,62,100,525,528,33,0,63,1,-1
0,0,65,100,528,592,33,0,63,1,-1
1,1,62,100,528,590,39,0,60,1,-1
2,1,58,100,528,587,4,0,52,1,-1
3,4,34,100,528,540,64,0,100,-1,-1
4,2,74,100,528,532,64,0,100,1,1
4,2,74,100,532,536,64,0,100,1,1
5,2,74,100,532,536,64,109,50,1,1
5,2,74,100,536,540,64,109,50,1,1
3,4,41,100,540,552,64,0,100,-1,-1
4,2,74,100,540,552,64,0,100,1,1
5,2,74,100,544,556,64,109,50,1,1
3,4,46,100,552,572,64,0,100,-1,-1
4,2,74,100,552,556,64,0,100,1,1
5,2,74,100,556,560,64,109,50,1,1
4,2,74,100,560,572,64,0,100,1,1
5,2,74,100,564,576,64,109,50,1,1
3,4,41,100,572,576,64,0,100,-1,-1
4,2,75,100,572,584,64,0,100,1,1
3,4,46,100,576,580,64,0,100,-1,-1
5,2,75,100,576,588,64,109,50,1,1
3,4,41,100,580,584,64,0,100,-1,-1
3,4,33,100,584,592,64,0,100,-1,-1
4,2,77,100,584,592,64,0,100,1,1
2,1,60,100,587,656,4,0,52,1,-1
5,2,77,100,588,596,64,109,50,1,1
1,1,63,100,589,656,39,0,60,1,-1
0,0,66,100,592,656,33,0,63,1,-1
3,4,32,100,592,604,64,0,100,-1,-1
4,2,75,100,592,596,64,0,100,1,1
5,2,75,100,596,600,64,109,50,1,1
4,2,75,100,600,616,64,0,100,1,1
3,4,39,100,604,616,64,0,100,-1,-1
5,2,75,100,604,620,64,109,50,1,1
3,4,44,100,616,636,64,0,100,-1,-1
4,2,72,100,616,620,64,0,100,1,1
5,2,72,100,620,624,64,109,50,1,1
4,2,68,100,624,636,64,0,100,1,1
5,2,68,100,628,640,64,109,50,1,1
3,4,39,100,636,640,64,0,100,-1,-1
4,2,72,100,636,648,64,0,100,1,1
3,4,44,100,640,644,64,0,100,-1,-1
5,2,72,100,640,652,64,109,50,1,1
3,4,39,100,644,648,64,0,100,-1,-1
3,4,33,100,648,656,64,0,100,-1,-1
4,2,75,100,648,656,64,0,100,1,1
5,2,75,100,652,660,64,109,50,1,1
0,0,70,100,656,660,33,0,63,1,-1
1,1,65,100,656,660,39,0,60,1,-1
3,4,34,100,656,668,64,0,100,-1,-1
4,2,77,100,656,720,64,0,100,1,1
0,0,70,32,660,664,33,0,63,1,-1
1,1,65,32,660,664,39,0,60,1,-1
5,2,77,100,660,724,64,109,50,1,1
0,0,70,100,664,668,33,0,63,1,-1
1,1,65,100,664,668,39,0,60,1,-1
2,1,74,104,664,668,4,0,52,1,-1
0,0,70,32,668,672,33,0,63,1,-1
1,1,65,32,668,672,39,0,60,1,-1
2,1,74,104,668,672,4,0,52,1,-1
3,4,41,100,668,680,64,0,100,-1,-1
0,0,65,100,672,680,33,0,63,1,-1
1,1,62,100,672,680,39,0,60,1,-1
2,1,74,104,676,680,4,0,52,1,-1
0,0,65,32,680,684,33,0,63,1,-1
1,1,62,32,680,684,39,0,60,1,-1
3,4,46,100,680,700,64,0,100,-1,-1
0,0,70,100,684,688,33,0,63,1,-1
1,1,65,100,684,688,39,0,60,1,-1
0,0,70,32,688,692,33,0,63,1,-1
1,1,65,32,688,692,39,0,60,1,-1
2,1,75,104,688,696,4,0,52,1,-1
0,0,65,100,692,700,33,0,63,1,-1
1,1,62,100,692,700,39,0,60,1,-1
2,1,74,104,700,708,4,0,52,1,-1
3,4,41,100,700,704,64,0,100,-1,-1
0,0,70,100,701,704,33,0,63,1,-1
1,1,65,100,701,704,39,0,60,1,-1
0,0,70,100,704,708,33,0,63,1,-1
1,1,65,100,704,708,39,0,60,1,-1
3,4,46,100,704,708,64,0,100,-1,-1
0,0,70,32,708,712,33,0,63,1,-1
1,1,65,32,708,712,39,0,60,1,-1
3,4,41,100,708,712,64,0,100,-1,-1
0,0,69,100,712,716,33,0,63,1,-1
1,1,64,100,712,716,39,0,60,1,-1
2,1,75,104,712,720,4,0,52,1,-1
3,4,33,100,712,720,64,0,100,-1,-1
0,0,69,32,716,720,33,0,63,1,-1
1,1,64,32,716,720,39,0,60,1,-1
0,0,68,100,720,724,33,0,63,1,-1
1,1,63,100,720,724,39,0,60,1,-1
2,1,72,100,720,728,4,0,52,1,-1
3,4,32,100,720,732,64,0,100,-1,-1
4,2,75,100,720,760,64,0,100,1,1
0,0,68,32,724,728,33,0,63,1,-1
1,1,63,32,724,728,39,0,60,1,-1
5,2,75,100,724,764,64,109,50,1,1
0,0,68,100,728,732,33,0,63,1,-1
1,1,63,100,728,732,39,0,60,1,-1
2,1,68,100,728,732,4,0,52,1,-1
0,0,68,32,732,736,33,0,63,1,-1
1,1,63,32,732,736,39,0,60,1,-1
3,4,39,100,732,744,64,0,100,-1,-1
0,0,63,100,736,744,33,0,63,1,-1
1,1,60,100,736,744,39,0,60,1,-1
2,1,80,100,736,740,4,0,52,1,-1
0,0,63,32,744,748,33,0,63,1,-1
1,1,60,32,744,748,39,0,60,1,-1
2,1,75,100,744,756,4,0,52,1,-1
3,4,44,100,744,764,64,0,100,-1,-1
0,0,68,100,748,756,33,0,63,1,-1
1,1,63,100,748,756,39,0,60,1,-1
0,0,68,32,756,760,33,0,63,1,-1
1,1,63,23,756,760,39,0,60,1,-1
0,0,63,100,760,768,33,0,63,1,-1
1,1,60,100,760,768,39,0,60,1,-1
4,2,77,100,760,768,64,0,100,1,1
2,1,77,75,763,768,4,0,52,1,-1
3,4,39,100,764,768,64,0,100,-1,-1
5,2,77,100,764,772,64,109,50,1,1
0,0,68,100,768,776,33,0,63,1,-1
1,1,63,100,768,776,39,0,60,1,-1
2,1,75,100,768,776,4,0,52,1,-1
3,4,44,100,768,772,64,0,100,-1,-1
4,2,80,100,768,776,64,0,100,1,1
3,4,39,100,772,776,64,0,100,-1,-1
5,2,80,100,772,780,64,109,50,1,1
0,0,69,100,776,784,33,0,63,1,-1
1,1,64,100,776,784,39,0,60,1,-1
2,1,72,100,776,784,4,0,52,1,-1
3,4,33,100,776,784,64,0,100,-1,-1
4,2,81,100,776,784,64,0,100,1,1
5,2,81,100,780,788,64,109,50,1,1
0,0,70,100,784,795,33,0,63,1,-1
1,1,65,100,784,795,39,0,60,1,-1
2,1,70,100,784,795,4,0,52,1,-1
3,4,34,100,784,792,64,0,100,-1,-1
4,2,82,100,784,800,64,0,100,1,1
5,2,82,100,788,804,64,109,50,1,1
0,0,70,100,805,811,33,0,63,1,-1
1,1,65,100,805,811,39,0,60,1,-1
2,1,70,100,805,811,4,0,52,1,-1
3,4,34,100,805,811,64,0,100,-1,-1
4,2,82,100,805,811,64,0,100,1,1
5,2,82,100,809,815,64,109,50,1,1
0,0,70,100,811,816,33,0,63,1,-1
1,1,65,100,811,816,39,0,60,1,-1
2,1,70,100,811,816,4,0,52,1,-1
3,4,34,100,811,816,64,0,100,-1,-1
4,2,82,100,811,816,64,0,100,1,1
5,2,82,100,815,820,64,109,50,1,1
0,0,70,100,816,822,33,0,63,1,-1
1,1,65,100,816,822,39,0,60,1,-1
2,1,70,100,816,822,4,0,52,1,-1
3,4,34,100,816,822,64,0,100,-1,-1
4,2,82,100,816,822,64,0,100,1,1
5,2,82,100,820,826,64,109,50,1,1
4,1,-1,100,828,828,64,0,100,1,1
4,0,-1,100,828,828,64,0,100,1,1
5,1,-1,100,832,832,64,109,50,1,1
5,0,-1,100,832,832,64,109,50,1,1
4,0,75,92,840,844,64,0,100,1,1
4,0,77,92,844,848,64,0,100,1,1
5,0,75,52,844,848,64,109,50,1,1
0,0,67,100,848,972,33,0,63,1,-1
1,1,60,100,848,976,39,0,60,1,-1
2,1,63,100,848,972,4,0,52,1,-1
3,4,31,100,848,860,64,0,100,-1,-1
4,0,79,75,848,904,64,0,100,1,1
5,0,79,75,852,908,64,109,50,1,1
3,4,36,100,860,864,64,0,100,-1,-1
3,4,36,100,864,880,64,0,100,-1,-1
3,4,31,100,880,892,64,0,100,-1,-1
3,4,36,100,892,896,64,0,100,-1,-1
3,4,36,100,896,904,64,0,100,-1,-1
3,4,31,100,904,908,64,0,100,-1,-1
4,0,75,75,904,908,64,0,100,1,1
4,0,77,75,908,912,64,0,100,1,1
5,0,75,75,908,912,64,109,50,1,1
3,4,31,100,912,924,64,0,100,-1,-1
4,0,79,75,912,924,64,0,100,1,1
5,0,77,75,912,916,64,109,50,1,1
5,0,79,75,916,928,64,109,50,1,1
3,4,36,100,924,928,64,0,100,-1,-1
4,0,80,75,924,936,64,0,100,1,1
3,4,36,100,928,944,64,0,100,-1,-1
5,0,80,75,928,940,64,109,50,1,1
4,0,82,75,936,944,64,0,100,1,1
5,0,82,75,940,948,64,109,50,1,1
3,4,31,100,944,956,64,0,100,-1,-1
4,0,80,75,944,960,64,0,100,1,1
5,0,80,75,948,964,64,109,50,1,1
3,4,36,100,956,960,64,0,100,-1,-1
3,4,36,100,960,964,64,0,100,-1,-1
4,0,79,75,960,976,64,0,100,1,1
5,0,79,75,964,980,64,109,50,1,1
3,4,31,100,968,976,64,0,100,-1,-1
0,0,66,100,972,1064,33,0,63,1,-1
2,1,63,100,972,1056,4,0,52,1,-1
1,1,59,100,976,1048,39,0,60,1,-1
3,4,30,100,976,988,64,0,100,-1,-1
4,0,78,75,976,1016,64,0,100,1,1
5,0,78,75,980,1020,64,109,50,1,1
3,4,37,100,988,992,64,0,100,-1,-1
3,4,37,100,992,1008,64,0,100,-1,-1
3,4,30,100,1008,1020,64,0,100,-1,-1
4,0,78,75,1016,1024,64,0,100,1,1
3,4,37,100,1020,1024,64,0,100,-1,-1
5,0,78,75,1020,1028,64,109,50,1,1
3,4,37,100,1024,1032,64,0,100,-1,-1
4,0,77,75,1024,1032,64,0,100,1,1
5,0,77,75,1028,1036,64,109,50,1,1
3,4,30,100,1032,1036,64,0,100,-1,-1
4,0,78,75,1032,1104,64,0,100,1,1
5,0,78,75,1036,1108,64,109,50,1,1
3,4,30,100,1040,1052,64,0,100,-1,-1
1,1,63,100,1048,1104,39,0,60,1,-1
3,4,37,100,1052,1056,64,0,100,-1,-1
2,1,66,100,1056,1104,4,0,52,1,-1
3,4,37,100,1056,1072,64,0,100,-1,-1
0,0,70,100,1064,1072,33,0,63,1,-1
0,0,74,100,1072,1088,33,0,63,1,-1
3,4,30,100,1072,1084,64,0,100,-1,-1
3,4,37,100,1084,1088,64,0,100,-1,-1
0,0,72,100,1088,1104,33,0,63,1,-1
3,4,37,100,1088,1092,64,0,100,-1,-1
3,4,30,100,1096,1104,64,0,100,-1,-1
0,0,68,100,1104,1176,33,0,63,1,-1
1,1,61,100,1104,1144,39,0,60,1,-1
2,1,65,100,1104,1160,4,0,52,1,-1
3,4,29,100,1104,1116,64,0,100,-1,-1
4,0,77,75,1104,1160,64,0,100,1,1
5,0,77,75,1108,1164,64,109,50,1,1
3,4,37,100,1116,1120,64,0,100,-1,-1
3,4,37,100,1120,1136,64,0,100,-1,-1
3,4,29,100,1136,1148,64,0,100,-1,-1
1,1,61,100,1144,1196,39,0,60,1,-1
3,4,37,100,1148,1152,64,0,100,-1,-1
3,4,37,100,1152,1160,64,0,100,-1,-1
2,1,65,100,1160,1176,4,0,52,1,-1
3,4,29,100,1160,1164,64,0,100,-1,-1
4,0,73,75,1160,1164,64,0,100,1,1
4,0,75,75,1164,1168,64,0,100,1,1
5,0,73,75,1164,1168,64,109,50,1,1
3,4,29,100,1168,1180,64,0,100,-1,-1
4,0,77,75,1168,1180,64,0,100,1,1
5,0,75,75,1168,1172,64,109,50,1,1
5,0,77,75,1172,1184,64,109,50,1,1
0,0,72,100,1176,1180,33,0,63,1,-1
2,1,68,100,1176,1180,4,0,52,1,-1
0,0,72,100,1180,1188,33,0,63,1,-1
2,1,68,100,1180,1192,4,0,52,1,-1
3,4,37,100,1180,1184,64,0,100,-1,-1
4,0,78,75,1180,1192,64,0,100,1,1
3,4,37,100,1184,1200,64,0,100,-1,-1
5,0,78,75,1184,1196,64,109,50,1,1
0,0,73,100,1192,1196,33,0,63,1,-1
2,1,68,100,1192,1196,4,0,52,1,-1
4,0,80,75,1192,1200,64,0,100,1,1
0,0,72,100,1196,1232,33,0,63,1,-1
1,1,65,100,1196,1216,39,0,60,1,-1
2,1,68,100,1196,1232,4,0,52,1,-1
5,0,80,75,1196,1204,64,109,50,1,1
3,4,29,100,1200,1212,64,0,100,-1,-1
4,0,78,75,1200,1216,64,0,100,1,1
5,0,78,75,1204,1220,64,109,50,1,1
3,4,37,100,1212,1216,64,0,100,-1,-1
1,1,65,100,1216,1232,39,0,60,1,-1
3,4,29,100,1216,1220,64,0,100,-1,-1
4,0,77,75,1216,1226,64,0,100,1,1
5,0,77,75,1220,1230,64,109,50,1,1
3,4,28,100,1224,1232,64,0,100,-1,-1
4,0,78,75,1226,1229,64,0,100,1,1
4,0,77,75,1229,1232,64,0,100,1,1
5,0,78,75,1230,1233,64,109,50,1,1
0,0,68,100,1232,1296,33,0,63,1,-1
1,1,61,100,1232,1296,39,0,60,1,-1
2,1,64,100,1232,1296,4,0,52,1,-1
3,4,28,100,1232,1244,64,0,100,-1,-1
4,0,76,75,1232,1272,64,0,100,1,1
5,0,77,75,1233,1236,64,109,50,1,1
5,0,76,75,1236,1276,64,109,50,1,1
3,4,37,100,1244,1248,64,0,100,-1,-1
3,4,37,100,1248,1264,64,0,100,-1,-1
3,4,28,100,1264,1276,64,0,100,-1,-1
4,0,78,75,1272,1284,64,0,100,1,1
3,4,37,100,1276,1280,64,0,100,-1,-1
5,0,78,75,1276,1288,64,109,50,1,1
3,4,37,100,1280,1288,64,0,100,-1,-1
4,0,76,75,1284,1292,64,0,100,1,1
3,4,28,100,1288,1292,64,0,100,-1,-1
5,0,76,75,1288,1296,64,109,50,1,1
4,0,75,75,1292,1360,64,0,100,1,1
0,0,68,100,1296,1328,33,0,63,1,-1
1,1,58,100,1296,1328,39,0,60,1,-1
2,1,63,100,1296,1328,4,0,52,1,-1
3,4,27,100,1296,1308,64,0,100,-1,-1
5,0,75,75,1296,1360,64,109,50,1,1
3,4,27,100,1308,1312,64,0,100,-1,-1
3,4,37,100,1312,1328,64,0,100,-1,-1
0,0,67,100,1328,1360,33,0,63,1,-1
1,1,58,100,1328,1360,39,0,60,1,-1
2,1,63,100,1328,1360,4,0,52,1,-1
3,4,39,100,1328,1340,64,0,100,-1,-1
3,4,39,100,1340,1344,64,0,100,-1,-1
3,4,27,100,1344,1348,64,0,100,-1,-1
3,4,34,100,1352,1360,64,0,100,-1,-1
4,2,-1,75,1356,1356,64,0,100,1,1
0,0,68,100,1360,1364,33,0,63,1,-1
1,1,63,100,1360,1364,39,0,60,1,-1
2,1,68,80,1360,1368,4,0,52,1,-1
3,4,32,100,1360,1372,64,0,100,-1,-1
4,2,80,75,1360,1364,64,0,100,1,1
5,2,-1,75,1360,1360,64,109,50,1,1
0,0,68,32,1364,1368,33,0,63,1,-1
1,1,63,32,1364,1368,39,0,60,1,-1
5,2,80,75,1365,1369,64,109,50,1,1
0,0,68,100,1368,1372,33,0,63,1,-1
1,1,63,100,1368,1372,39,0,60,1,-1
4,2,80,75,1368,1372,64,0,100,1,1
0,0,68,32,1372,1376,33,0,63,1,-1
1,1,63,32,1372,1376,39,0,60,1,-1
2,1,68,80,1372,1376,4,0,52,1,-1
3,4,39,100,1372,1384,64,0,100,-1,-1
5,2,80,75,1373,1377,64,109,50,1,1
0,0,63,100,1376,1384,33,0,63,1,-1
1,1,60,100,1376,1384,39,0,60,1,-1
4,2,80,75,1376,1380,64,0,100,1,1
5,2,80,75,1381,1385,64,109,50,1,1
0,0,63,32,1384,1388,33,0,63,1,-1
1,1,60,32,1384,1388,39,0,60,1,-1
3,4,46,100,1384,1404,64,0,100,-1,-1
4,2,80,75,1384,1388,64,0,100,1,1
2,1,70,80,1385,1388,4,0,52,1,-1
0,0,70,100,1388,1392,33,0,63,1,-1
1,1,65,100,1388,1392,39,0,60,1,-1
2,1,70,80,1388,1392,4,0,52,1,-1
4,2,80,75,1388,1392,64,0,100,1,1
5,2,80,75,1389,1393,64,109,50,1,1
0,0,70,32,1392,1396,33,0,63,1,-1
1,1,65,32,1392,1396,39,0,60,1,-1
5,2,80,75,1393,1397,64,109,50,1,1
0,0,65,100,1396,1404,33,0,63,1,-1
1,1,62,100,1396,1404,39,0,60,1,-1
4,2,80,75,1396,1400,64,0,100,1,1
5,2,80,75,1401,1405,64,109,50,1,1
3,4,41,100,1404,1408,64,0,100,-1,-1
4,2,80,75,1404,1408,64,0,100,1,1
0,0,70,100,1405,1408,33,0,63,1,-1
1,1,65,100,1405,1408,39,0,60,1,-1
0,0,70,100,1408,1412,33,0,63,1,-1
1,1,65,100,1408,1412,39,0,60,1,-1
3,4,46,100,1408,1412,64,0,100,-1,-1
4,2,80,75,1408,1412,64,0,100,1,1
5,2,80,75,1409,1413,64,109,50,1,1
0,0,70,32,1412,1416,33,0,63,1,-1
1,1,65,32,1412,1416,39,0,60,1,-1
3,4,41,100,1412,1416,64,0,100,-1,-1
5,2,80,75,1413,1417,64,109,50,1,1
4,2,80,75,1414,1418,64,0,100,1,1
0,0,69,100,1416,1420,33,0,63,1,-1
1,1,64,100,1416,1420,39,0,60,1,-1
3,4,32,100,1416,1432,64,0,100,-1,-1
5,2,80,75,1419,1423,64,109,50,1,1
0,0,69,32,1420,1424,33,0,63,1,-1
1,1,64,32,1420,1424,39,0,60,1,-1
4,2,80,75,1420,1424,64,0,100,1,1
0,0,68,100,1424,1428,33,0,63,1,-1
1,1,63,100,1424,1428,39,0,60,1,-1
4,2,80,75,1424,1428,64,0,100,1,1
5,2,80,75,1425,1429,64,109,50,1,1
0,0,68,32,1428,1432,33,0,63,1,-1
1,1,63,32,1428,1432,39,0,60,1,-1
4,2,84,75,1428,1432,64,0,100,1,1
5,2,80,75,1429,1433,64,109,50,1,1
0,0,68,100,1432,1436,33,0,63,1,-1
1,1,63,100,1432,1436,39,0,60,1,-1
2,1,70,80,1432,1436,4,0,52,1,-1
4,2,86,75,1432,1436,64,0,100,1,1
5,2,84,75,1433,1437,64,109,50,1,1
0,0,68,32,1436,1440,33,0,63,1,-1
1,1,63,32,1436,1440,39,0,60,1,-1
2,1,70,80,1436,1440,4,0,52,1,-1
3,4,39,100,1436,1448,64,0,100,-1,-1
4,2,87,75,1436,1440,64,0,100,1,1
5,2,86,75,1437,1441,64,109,50,1,1
0,0,63,100,1440,1448,33,0,63,1,-1
1,1,60,100,1440,1448,39,0,60,1,-1
4,2,89,75,1440,1444,64,0,100,1,1
5,2,87,75,1441,1445,64,109,50,1,1
2,1,65,80,1444,1452,4,0,52,1,-1
5,2,89,75,1445,1449,64,109,50,1,1
0,0,63,32,1448,1452,33,0,63,1,-1
1,1,60,32,1448,1452,39,0,60,1,-1
3,4,46,100,1448,1464,64,0,100,-1,-1
4,2,91,75,1448,1452,64,0,100,1,1
0,0,70,100,1452,1456,33,0,63,1,-1
1,1,65,100,1452,1456,39,0,60,1,-1
4,2,87,75,1452,1456,64,0,100,1,1
5,2,91,75,1453,1457,64,109,50,1,1
0,0,70,32,1456,1460,33,0,63,1,-1
1,1,65,32,1456,1460,39,0,60,1,-1
2,1,65,80,1456,1464,4,0,52,1,-1
5,2,87,75,1457,1461,64,109,50,1,1
0,0,65,100,1460,1468,33,0,63,1,-1
1,1,62,100,1460,1468,39,0,60,1,-1
4,2,89,75,1460,1464,64,0,100,1,1
3,4,29,100,1464,1472,64,0,100,-1,-1
4,2,86,75,1464,1468,64,0,100,1,1
5,2,89,75,1465,1469,64,109,50,1,1
2,1,68,80,1468,1476,4,0,52,1,-1
4,2,87,75,1468,1472,64,0,100,1,1
0,0,70,100,1469,1472,33,0,63,1,-1
1,1,62,100,1469,1472,39,0,60,1,-1
5,2,86,75,1469,1473,64,109,50,1,1
0,0,70,100,1472,1476,33,0,63,1,-1
1,1,62,100,1472,1476,39,0,60,1,-1
3,4,32,100,1472,1480,64,0,100,-1,-1
4,2,84,75,1472,1476,64,0,100,1,1
5,2,87,75,1473,1477,64,109,50,1,1
0,0,70,32,1476,1480,33,0,63,1,-1
1,1,62,32,1476,1480,39,0,60,1,-1
4,2,86,75,1476,1480,64,0,100,1,1
5,2,84,75,1477,1481,64,109,50,1,1
0,0,69,100,1480,1484,33,0,63,1,-1
1,1,61,100,1480,1484,39,0,60,1,-1
2,1,69,80,1480,1484,4,0,52,1,-1
3,4,33,100,1480,1488,64,0,100,-1,-1
4,2,82,75,1480,1484,64,0,100,1,1
5,2,86,75,1481,1485,64,109,50,1,1
0,0,69,32,1484,1488,33,0,63,1,-1
1,1,61,32,1484,1488,39,0,60,1,-1
4,2,84,75,1484,1488,64,0,100,1,1
5,2,82,75,1485,1489,64,109,50,1,1
0,0,68,100,1488,1492,33,0,63,1,-1
1,1,60,100,1488,1492,39,0,60,1,-1
2,1,68,80,1488,1496,4,0,52,1,-1
3,4,32,100,1488,1500,64,0,100,-1,-1
4,2,80,75,1488,1492,64,0,100,1,1
5,2,84,75,1489,1493,64,109,50,1,1
0,0,68,32,1492,1496,33,0,63,1,-1
1,1,60,32,1492,1496,39,0,60,1,-1
4,2,82,75,1492,1496,64,0,100,1,1
5,2,80,75,1493,1497,64,109,50,1,1
0,0,68,100,1496,1500,33,0,63,1,-1
1,1,60,100,1496,1500,39,0,60,1,-1
4,2,84,75,1496,1500,64,0,100,1,1
5,2,82,75,1497,1501,64,109,50,1,1
0,0,68,32,1500,1504,33,0,63,1,-1
1,1,60,32,1500,1504,39,0,60,1,-1
2,1,68,80,1500,1504,4,0,52,1,-1
3,4,39,100,1500,1512,64,0,100,-1,-1
4,2,82,75,1500,1504,64,0,100,1,1
5,2,84,75,1501,1505,64,109,50,1,1
0,0,63,100,1504,1512,33,0,63,1,-1
1,1,56,100,1504,1512,39,0,60,1,-1
5,2,82,75,1505,1509,64,109,50,1,1
4,2,82,75,1508,1512,64,0,100,1,1
0,0,63,32,1512,1516,33,0,63,1,-1
1,1,56,32,1512,1516,39,0,60,1,-1
3,4,46,100,1512,1532,64,0,100,-1,-1
4,2,86,75,1512,1516,64,0,100,1,1
2,1,70,80,1513,1516,4,0,52,1,-1
5,2,82,75,1513,1517,64,109,50,1,1
0,0,70,100,1516,1520,33,0,63,1,-1
1,1,62,100,1516,1520,39,0,60,1,-1
2,1,70,80,1516,1520,4,0,52,1,-1
4,2,82,75,1516,1520,64,0,100,1,1
5,2,86,75,1517,1521,64,109,50,1,1
0,0,70,32,1520,1524,33,0,63,1,-1
1,1,62,32,1520,1524,39,0,60,1,-1
5,2,82,75,1521,1525,64,109,50,1,1
0,0,65,100,1524,1532,33,0,63,1,-1
1,1,58,100,1524,1532,39,0,60,1,-1
4,2,82,75,1524,1528,64,0,100,1,1
4,2,87,75,1528,1532,64,0,100,1,1
5,2,82,75,1529,1533,64,109,50,1,1
3,4,41,100,1532,1536,64,0,100,-1,-1
4,2,89,75,1532,1536,64,0,100,1,1
0,0,70,100,1533,1536,33,0,63,1,-1
1,1,62,100,1533,1536,39,0,60,1,-1
5,2,87,75,1533,1537,64,109,50,1,1
0,0,70,100,1536,1540,33,0,63,1,-1
1,1,62,100,1536,1540,39,0,60,1,-1
3,4,46,100,1536,1540,64,0,100,-1,-1
4,2,86,75,1536,1540,64,0,100,1,1
5,2,89,75,1537,1541,64,109,50,1,1
0,0,70,32,1540,1544,33,0,63,1,-1
1,1,62,32,1540,1544,39,0,60,1,-1
3,4,41,100,1540,1544,64,0,100,-1,-1
4,2,87,75,1540,1544,64,0,100,1,1
5,2,86,75,1541,1545,64,109,50,1,1
0,0,69,100,1544,1548,33,0,63,1,-1
1,1,61,100,1544,1548,39,0,60,1,-1
3,4,32,100,1544,1560,64,0,100,-1,-1
5,2,87,75,1545,1549,64,109,50,1,1
0,0,69,32,1548,1552,33,0,63,1,-1
1,1,61,32,1548,1552,39,0,60,1,-1
4,2,82,75,1548,1552,64,0,100,1,1
0,0,68,100,1552,1556,33,0,63,1,-1
1,1,60,100,1552,1556,39,0,60,1,-1
4,2,80,75,1552,1555,64,0,100,1,1
5,2,82,75,1553,1557,64,109,50,1,1
0,0,68,32,1556,1560,33,0,63,1,-1
1,1,60,32,1556,1560,39,0,60,1,-1
4,2,80,75,1556,1559,64,0,100,1,1
5,2,80,75,1557,1560,64,109,50,1,1
0,0,68,100,1560,1564,33,0,63,1,-1
1,1,60,100,1560,1564,39,0,60,1,-1
2,1,70,80,1560,1564,4,0,52,1,-1
4,2,80,75,1560,1563,64,0,100,1,1
5,2,80,75,1561,1564,64,109,50,1,1
0,0,68,32,1564,1568,33,0,63,1,-1
1,1,60,32,1564,1568,39,0,60,1,-1
2,1,70,80,1564,1568,4,0,52,1,-1
3,4,39,100,1564,1576,64,0,100,-1,-1
4,2,80,75,1564,1567,64,0,100,1,1
5,2,80,75,1565,1568,64,109,50,1,1
0,0,63,100,1568,1576,33,0,63,1,-1
1,1,56,100,1568,1576,39,0,60,1,-1
4,2,80,75,1568,1571,64,0,100,1,1
5,2,80,75,1569,1572,64,109,50,1,1
2,1,65,80,1572,1580,4,0,52,1,-1
4,2,79,75,1572,1576,64,0,100,1,1
5,2,80,75,1573,1576,64,109,50,1,1
0,0,63,32,1576,1580,33,0,63,1,-1
1,1,56,32,1576,1580,39,0,60,1,-1
3,4,46,100,1576,1592,64,0,100,-1,-1
4,2,78,75,1576,1580,64,0,100,1,1
5,2,79,75,1577,1581,64,109,50,1,1
0,0,70,100,1580,1584,33,0,63,1,-1
1,1,62,100,1580,1584,39,0,60,1,-1
4,2,77,75,1580,1584,64,0,100,1,1
5,2,78,75,1581,1585,64,109,50,1,1
0,0,70,32,1584,1588,33,0,63,1,-1
1,1,62,32,1584,1588,39,0,60,1,-1
2,1,65,80,1584,1592,4,0,52,1,-1
5,2,77,75,1585,1589,64,109,50,1,1
0,0,65,100,1588,1596,33,0,63,1,-1
1,1,58,100,1588,1596,39,0,60,1,-1
4,2,75,75,1588,1592,64,0,100,1,1
3,4,29,100,1592,1600,64,0,100,-1,-1
5,2,75,75,1593,1597,64,109,50,1,1
2,1,68,80,1596,1604,4,0,52,1,-1
4,2,77,75,1596,1600,64,0,100,1,1
0,0,70,100,1597,1600,33,0,63,1,-1
1,1,62,100,1597,1600,39,0,60,1,-1
0,0,70,100,1600,1604,33,0,63,1,-1
1,1,62,100,1600,1604,39,0,60,1,-1
3,4,32,100,1600,1608,64,0,100,-1,-1
4,2,77,75,1600,1604,64,0,100,1,1
5,2,77,75,1601,1605,64,109,50,1,1
0,0,70,32,1604,1608,33,0,63,1,-1
1,1,62,32,1604,1608,39,0,60,1,-1
5,2,77,75,1605,1609,64,109,50,1,1
4,2,78,75,1606,1610,64,0,100,1,1
0,0,69,100,1608,1612,33,0,63,1,-1
1,1,61,100,1608,1612,39,0,60,1,-1
2,1,69,80,1608,1612,4,0,52,1,-1
3,4,33,100,1608,1616,64,0,100,-1,-1
5,2,78,75,1611,1615,64,109,50,1,1
0,0,69,32,1612,1616,33,0,63,1,-1
1,1,61,32,1612,1616,39,0,60,1,-1
4,2,79,75,1612,1616,64,0,100,1,1
0,0,68,100,1616,1620,33,0,63,1,-1
1,1,63,100,1616,1620,39,0,60,1,-1
2,1,68,80,1616,1624,4,0,52,1,-1
3,4,32,100,1616,1628,64,0,100,-1,-1
4,2,82,75,1616,1620,64,0,100,1,1
5,2,79,75,1617,1621,64,109,50,1,1
0,0,68,32,1620,1624,33,0,63,1,-1
1,1,63,32,1620,1624,39,0,60,1,-1
4,2,81,75,1620,1624,64,0,100,1,1
5,2,82,75,1621,1625,64,109,50,1,1
0,0,68,100,1624,1628,33,0,63,1,-1
1,1,63,100,1624,1628,39,0,60,1,-1
4,2,80,75,1624,1628,64,0,100,1,1
5,2,81,75,1625,1629,64,109,50,1,1
0,0,68,32,1628,1632,33,0,63,1,-1
1,1,63,32,1628,1632,39,0,60,1,-1
2,1,68,80,1628,1632,4,0,52,1,-1
3,4,39,100,1628,1640,64,0,100,-1,-1
5,2,80,75,1629,1633,64,109,50,1,1
0,0,63,100,1632,1640,33,0,63,1,-1
1,1,60,100,1632,1640,39,0,60,1,-1
0,0,63,32,1640,1644,33,0,63,1,-1
1,1,60,32,1640,1644,39,0,60,1,-1
3,4,46,100,1640,1660,64,0,100,-1,-1
4,2,80,75,1640,1642,64,0,100,1,1
2,1,70,80,1641,1644,4,0,52,1,-1
4,2,79,75,1642,1645,64,0,100,1,1
0,0,70,100,1644,1648,33,0,63,1,-1
1,1,65,100,1644,1648,39,0,60,1,-1
2,1,70,80,1644,1648,4,0,52,1,-1
4,2,78,75,1645,1648,64,0,100,1,1
5,2,80,75,1645,1647,64,109,50,1,1
5,2,79,75,1647,1650,64,109,50,1,1
0,0,70,32,1648,1652,33,0,63,1,-1
1,1,65,32,1648,1652,39,0,60,1,-1
4,2,77,75,1648,1652,64,0,100,1,1
5,2,78,75,1650,1653,64,109,50,1,1
0,0,65,100,1652,1660,33,0,63,1,-1
1,1,62,100,1652,1660,39,0,60,1,-1
5,2,77,75,1653,1657,64,109,50,1,1
3,4,41,100,1660,1664,64,0,100,-1,-1
0,0,70,100,1661,1664,33,0,63,1,-1
1,1,65,100,1661,1664,39,0,60,1,-1
0,0,70,100,1664,1668,33,0,63,1,-1
1,1,65,100,1664,1668,39,0,60,1,-1
3,4,46,100,1664,1668,64,0,100,-1,-1
4,2,76,75,1664,1668,64,0,100,1,1
0,0,70,32,1668,1672,33,0,63,1,-1
1,1,65,32,1668,1672,39,0,60,1,-1
3,4,41,100,1668,1672,64,0,100,-1,-1
4,2,75,75,1668,1672,64,0,100,1,1
5,2,76,75,1669,1673,64,109,50,1,1
0,0,69,100,1672,1676,33,0,63,1,-1
1,1,64,100,1672,1676,39,0,60,1,-1
3,4,32,100,1672,1688,64,0,100,-1,-1
4,2,74,75,1672,1676,64,0,100,1,1
5,2,75,75,1673,1677,64,109,50,1,1
0,0,69,32,1676,1680,33,0,63,1,-1
1,1,64,32,1676,1680,39,0,60,1,-1
5,2,74,75,1677,1681,64,109,50,1,1
0,0,68,100,1680,1684,33,0,63,1,-1
1,1,63,100,1680,1684,39,0,60,1,-1
0,0,68,32,1684,1688,33,0,63,1,-1
1,1,63,32,1684,1688,39,0,60,1,-1
4,2,75,75,1685,1689,64,0,100,1,1
0,0,68,100,1688,1692,33,0,63,1,-1
1,1,63,100,1688,1692,39,0,60,1,-1
2,1,70,80,1688,1692,4,0,52,1,-1
4,2,76,75,1691,1695,64,0,100,1,1
5,2,75,75,1691,1695,64,109,50,1,1
0,0,68,32,1692,1696,33,0,63,1,-1
1,1,63,32,1692,1696,39,0,60,1,-1
2,1,70,80,1692,1696,4,0,52,1,-1
3,4,39,100,1692,1704,64,0,100,-1,-1
0,0,63,100,1696,1704,33,0,63,1,-1
1,1,60,100,1696,1704,39,0,60,1,-1
4,2,77,75,1696,1700,64,0,100,1,1
5,2,76,75,1696,1700,64,109,50,1,1
2,1,65,80,1700,1708,4,0,52,1,-1
4,2,79,75,1700,1704,64,0,100,1,1
5,2,77,75,1701,1705,64,109,50,1,1
0,0,63,32,1704,1708,33,0,63,1,-1
1,1,60,32,1704,1708,39,0,60,1,-1
3,4,46,100,1704,1720,64,0,100,-1,-1
4,2,80,75,1704,1708,64,0,100,1,1
5,2,79,75,1705,1709,64,109,50,1,1
0,0,70,100,1708,1712,33,0,63,1,-1
1,1,65,100,1708,1712,39,0,60,1,-1
4,2,82,75,1708,1712,64,0,100,1,1
5,2,80,75,1709,1713,64,109,50,1,1
0,0,70,32,1712,1716,33,0,63,1,-1
1,1,65,32,1712,1716,39,0,60,1,-1
2,1,65,80,1712,1720,4,0,52,1,-1
4,2,84,75,1712,1716,64,0,100,1,1
5,2,82,75,1713,1717,64,109,50,1,1
0,0,65,100,1716,1724,33,0,63,1,-1
1,1,62,100,1716,1724,39,0,60,1,-1
4,2,84,63,1716,1718,64,0,100,1,1
5,2,84,75,1717,1721,64,109,50,1,1
4,2,84,65,1719,1720,64,0,100,1,1
3,4,29,100,1720,1728,64,0,100,-1,-1
4,2,84,64,1721,1722,64,0,100,1,1
5,2,84,63,1721,1723,64,109,50,1,1
4,2,84,63,1723,1725,64,0,100,1,1
2,1,68,80,1724,1732,4,0,52,1,-1
5,2,84,65,1724,1726,64,109,50,1,1
0,0,70,100,1725,1728,33,0,63,1,-1
1,1,62,100,1725,1728,39,0,60,1,-1
4,2,84,64,1726,1728,64,0,100,1,1
5,2,84,64,1727,1728,64,109,50,1,1
0,0,70,100,1728,1732,33,0,63,1,-1
1,1,62,100,1728,1732,39,0,60,1,-1
3,4,32,100,1728,1736,64,0,100,-1,-1
4,2,84,63,1729,1730,64,0,100,1,1
5,2,84,63,1729,1730,64,109,50,1,1
4,2,84,63,1731,1733,64,0,100,1,1
5,2,84,64,1731,1733,64,109,50,1,1
0,0,70,32,1732,1736,33,0,63,1,-1
1,1,62,32,1732,1736,39,0,60,1,-1
5,2,84,63,1734,1736,64,109,50,1,1
0,0,69,100,1736,1740,33,0,63,1,-1
1,1,61,100,1736,1740,39,0,60,1,-1
2,1,69,80,1736,1740,4,0,52,1,-1
3,4,33,100,1736,1744,64,0,100,-1,-1
4,2,85,75,1736,1740,64,0,100,1,1
5,2,84,63,1737,1738,64,109,50,1,1
0,0,69,32,1740,1744,33,0,63,1,-1
1,1,61,32,1740,1744,39,0,60,1,-1
4,2,86,75,1740,1744,64,0,100,1,1
5,2,85,75,1741,1745,64,109,50,1,1
0,0,68,100,1744,1748,33,0,63,1,-1
1,1,60,100,1744,1748,39,0,60,1,-1
2,1,68,80,1744,1752,4,0,52,1,-1
3,4,32,100,1744,1756,64,0,100,-1,-1
4,2,87,75,1744,1748,64,0,100,1,1
5,2,86,75,1745,1749,64,109,50,1,1
0,0,68,32,1748,1752,33,0,63,1,-1
1,1,60,32,1748,1752,39,0,60,1,-1
4,2,87,63,1748,1750,64,0,100,1,1
5,2,87,75,1749,1753,64,109,50,1,1
4,2,87,65,1751,1752,64,0,100,1,1
0,0,68,100,1752,1756,33,0,63,1,-1
1,1,60,100,1752,1756,39,0,60,1,-1
4,2,87,64,1753,1754,64,0,100,1,1
5,2,87,63,1753,1755,64,109,50,1,1
4,2,87,63,1755,1757,64,0,100,1,1
0,0,68,32,1756,1760,33,0,63,1,-1
1,1,60,32,1756,1760,39,0,60,1,-1
2,1,68,80,1756,1760,4,0,52,1,-1
3,4,39,100,1756,1768,64,0,100,-1,-1
5,2,87,65,1756,1758,64,109,50,1,1
4,2,87,64,1758,1760,64,0,100,1,1
5,2,87,64,1759,1760,64,109,50,1,1
0,0,63,100,1760,1768,33,0,63,1,-1
1,1,56,100,1760,1768,39,0,60,1,-1
4,2,87,63,1761,1762,64,0,100,1,1
5,2,87,63,1761,1762,64,109,50,1,1
4,2,87,63,1763,1765,64,0,100,1,1
5,2,87,64,1763,1765,64,109,50,1,1
5,2,87,63,1766,1768,64,109,50,1,1
0,0,63,32,1768,1772,33,0,63,1,-1
1,1,56,32,1768,1772,39,0,60,1,-1
3,4,46,100,1768,1788,64,0,100,-1,-1
4,2,89,75,1768,1772,64,0,100,1,1
2,1,70,80,1769,1772,4,0,52,1,-1
5,2,87,63,1769,1770,64,109,50,1,1
0,0,70,100,1772,1776,33,0,63,1,-1
1,1,62,100,1772,1776,39,0,60,1,-1
2,1,70,80,1772,1776,4,0,52,1,-1
4,2,86,75,1772,1776,64,0,100,1,1
5,2,89,75,1773,1777,64,109,50,1,1
0,0,70,32,1776,1780,33,0,63,1,-1
1,1,62,32,1776,1780,39,0,60,1,-1
5,2,86,75,1777,1781,64,109,50,1,1
0,0,65,100,1780,1788,33,0,63,1,-1
1,1,58,100,1780,1788,39,0,60,1,-1
4,2,91,75,1780,1784,64,0,100,1,1
4,2,86,75,1784,1788,64,0,100,1,1
5,2,91,75,1785,1789,64,109,50,1,1
3,4,41,100,1788,1792,64,0,100,-1,-1
0,0,70,100,1789,1792,33,0,63,1,-1
1,1,62,100,1789,1792,39,0,60,1,-1
5,2,86,75,1789,1793,64,109,50,1,1
0,0,70,100,1792,1796,33,0,63,1,-1
1,1,62,100,1792,1796,39,0,60,1,-1
3,4,46,100,1792,1796,64,0,100,-1,-1
4,2,92,75,1792,1796,64,0,100,1,1
0,0,70,32,1796,1800,33,0,63,1,-1
1,1,62,32,1796,1800,39,0,60,1,-1
3,4,41,100,1796,1800,64,0,100,-1,-1
4,2,86,75,1796,1800,64,0,100,1,1
5,2,92,75,1797,1801,64,109,50,1,1
0,0,69,100,1800,1804,33,0,63,1,-1
1,1,61,100,1800,1804,39,0,60,1,-1
3,4,32,100,1800,1816,64,0,100,-1,-1
5,2,86,75,1801,1805,64,109,50,1,1
0,0,69,32,1804,1808,33,0,63,1,-1
1,1,61,32,1804,1808,39,0,60,1,-1
4,2,93,75,1804,1808,64,0,100,1,1
0,0,68,100,1808,1812,33,0,63,1,-1
1,1,60,100,1808,1812,39,0,60,1,-1
4,2,94,75,1808,1812,64,0,100,1,1
5,2,93,75,1809,1813,64,109,50,1,1
0,0,68,32,1812,1816,33,0,63,1,-1
1,1,60,32,1812,1816,39,0,60,1,-1
4,2,94,75,1813,1817,64,0,100,1,1
5,2,94,75,1813,1817,64,109,50,1,1
0,0,68,100,1816,1820,33,0,63,1,-1
1,1,60,100,1816,1820,39,0,60,1,-1
2,1,70,80,1816,1820,4,0,52,1,-1
4,2,94,75,1819,1823,64,0,100,1,1
5,2,94,75,1819,1823,64,109,50,1,1
0,0,68,32,1820,1824,33,0,63,1,-1
1,1,60,32,1820,1824,39,0,60,1,-1
2,1,70,80,1820,1824,4,0,52,1,-1
3,4,39,100,1820,1832,64,0,100,-1,-1
0,0,63,100,1824,1832,33,0,63,1,-1
1,1,56,100,1824,1832,39,0,60,1,-1
4,2,94,75,1824,1828,64,0,100,1,1
5,2,94,75,1824,1828,64,109,50,1,1
2,1,65,80,1828,1836,4,0,52,1,-1
4,2,94,75,1829,1833,64,0,100,1,1
5,2,94,75,1829,1833,64,109,50,1,1
0,0,63,32,1832,1836,33,0,63,1,-1
1,1,56,32,1832,1836,39,0,60,1,-1
3,4,46,100,1832,1848,64,0,100,-1,-1
4,2,94,75,1835,1839,64,0,100,1,1
5,2,94,75,1835,1839,64,109,50,1,1
0,0,68,100,1836,1840,33,0,63,1,-1
1,1,60,100,1836,1840,39,0,60,1,-1
2,1,65,80,1840,1848,4,0,52,1,-1
4,2,94,75,1840,1844,64,0,100,1,1
5,2,94,75,1840,1844,64,109,50,1,1
0,0,65,100,1844,1856,33,0,63,1,-1
1,1,56,100,1844,1852,39,0,60,1,-1
4,2,94,75,1845,1849,64,0,100,1,1
5,2,94,75,1845,1849,64,109,50,1,1
3,4,29,100,1848,1856,64,0,100,-1,-1
4,2,94,75,1851,1855,64,0,100,1,1
5,2,94,75,1851,1855,64,109,50,1,1
1,1,56,100,1852,1856,39,0,60,1,-1
2,1,68,80,1852,1860,4,0,52,1,-1
0,0,68,100,1856,1864,33,0,63,1,-1
1,1,63,100,1856,1864,39,0,60,1,-1
3,4,32,100,1856,1864,64,0,100,-1,-1
4,2,94,75,1856,1860,64,0,100,1,1
5,2,94,75,1856,1860,64,109,50,1,1
4,2,94,75,1861,1865,64,0,100,1,1
5,2,94,75,1861,1865,64,109,50,1,1
0,0,69,100,1864,1872,33,0,63,1,-1
1,1,64,100,1864,1872,39,0,60,1,-1
2,1,69,80,1864,1868,4,0,52,1,-1
3,4,33,100,1864,1872,64,0,100,-1,-1
4,2,94,75,1867,1871,64,0,100,1,1
5,2,94,75,1867,1871,64,109,50,1,1
0,0,70,100,1872,1883,33,0,63,1,-1
1,1,65,100,1872,1883,39,0,60,1,-1
2,1,62,80,1872,1883,4,0,52,1,-1
3,4,34,100,1872,1880,64,0,100,-1,-1
4,2,94,75,1872,1876,64,0,100,1,1
5,2,94,75,1872,1876,64,109,50,1,1
5,2,94,75,1877,1881,64,109,50,1,1
0,0,70,100,1893,1899,33,0,63,1,-1
1,1,65,100,1893,1899,39,0,60,1,-1
2,1,62,80,1893,1899,4,0,52,1,-1
3,4,34,100,1893,1899,64,0,100,-1,-1
4,2,94,75,1893,1897,64,0,100,1,1
0,0,70,100,1899,1904,33,0,63,1,-1
1,1,65,100,1899,1904,39,0,60,1,-1
2,1,62,80,1899,1904,4,0,52,1,-1
3,4,34,100,1899,1904,64,0,100,-1,-1
4,2,94,75,1899,1903,64,0,100,1,1
5,2,94,75,1899,1903,64,109,50,1,1
0,0,70,100,1904,1910,33,0,63,1,-1
1,1,65,100,1904,1910,39,0,60,1,-1
2,1,62,80,1904,1910,4,0,52,1,-1
3,4,34,100,1904,1910,64,0,100,-1,-1
4,2,94,75,1904,1908,64,0,100,1,1
5,2,94,75,1904,1908,64,109,50,1,1
2,1,62,28,1909,1915,4,0,52,1,-1
5,2,94,75,1909,1913,64,109,50,1,1
